{
    "links": [
        {
            "weight": 25.119551119648165,
            "from_gis": false,
            "source_file": "EndOfLineExtrapolation",
            "conductors": [
                {
                    "id": 0,
                    "model": {
                        "curve2d": {
                            "coeffs": [
                                0.0016983754164055468,
                                1.600594454484841,
                                390.25999555683666
                            ]
                        },
                        "plane": {
                            "orientation": [
                                [
                                    0.22532997123994383,
                                    0,
                                    -0.9742825073155148
                                ],
                                [
                                    -0.9742825073155148,
                                    0,
                                    -0.22532997123994383
                                ],
                                [
                                    0,
                                    1,
                                    0
                                ]
                            ],
                            "origin": [
                                197.57774689082723,
                                45.69535806121729,
                                0
                            ]
                        },
                        "version": "1.0"
                    },
                    "startpoint": [
                        98.15080197427753,
                        475.59792563783657,
                        14.673996843087934
                    ],
                    "endpoint": [
                        92.47577891318578,
                        500.1356099352626,
                        13.18799667117986
                    ],
                    "score": 24.857611869849464,
                    "interpolated": false,
                    "source_file": "PwlClean",
                    "validated": false
                },
                {
                    "id": 1,
                    "model": {
                        "curve2d": {
                            "coeffs": [
                                0.002088078442283068,
                                1.9671524209612872,
                                475.87881530059207
                            ]
                        },
                        "plane": {
                            "orientation": [
                                [
                                    0.22659090551715824,
                                    0,
                                    -0.9739900212717347
                                ],
                                [
                                    -0.9739900212717347,
                                    0,
                                    -0.22659090551715824
                                ],
                                [
                                    0,
                                    1,
                                    0
                                ]
                            ],
                            "origin": [
                                197.2374414688352,
                                45.88569645298463,
                                0
                            ]
                        },
                        "version": "1.0"
                    },
                    "startpoint": [
                        97.31669411253984,
                        475.39018437991155,
                        14.459417380104014
                    ],
                    "endpoint": [
                        91.60664212974152,
                        499.9345659802901,
                        12.620946600385764
                    ],
                    "score": 15.848801633374974,
                    "interpolated": false,
                    "source_file": "PwlClean",
                    "validated": false
                },
                {
                    "id": 2,
                    "model": {
                        "curve2d": {
                            "coeffs": [
                                0.0014818703725938001,
                                1.410349556661206,
                                348.18014448527816
                            ]
                        },
                        "plane": {
                            "orientation": [
                                [
                                    0.2248197288417168,
                                    0,
                                    -0.9744003743449287
                                ],
                                [
                                    -0.9744003743449287,
                                    0,
                                    -0.2248197288417168
                                ],
                                [
                                    0,
                                    1.0000000000000002,
                                    0
                                ]
                            ],
                            "origin": [
                                198.27342895970554,
                                45.7468815785358,
                                0
                            ]
                        },
                        "version": "1.0"
                    },
                    "startpoint": [
                        99.04417913395305,
                        475.8204283901374,
                        14.373331595424592
                    ],
                    "endpoint": [
                        93.38569737059338,
                        500.3450854424705,
                        12.7388915582892
                    ],
                    "score": 10.881584401170546,
                    "interpolated": false,
                    "source_file": "PwlClean",
                    "validated": false
                },
                {
                    "id": 3,
                    "model": {
                        "curve2d": {
                            "coeffs": [
                                0.001072498986977838,
                                1.0179206517291428,
                                251.79818516464871
                            ]
                        },
                        "plane": {
                            "orientation": [
                                [
                                    0.22336154485355353,
                                    0,
                                    -0.9747356668762224
                                ],
                                [
                                    -0.9747356668762224,
                                    0,
                                    -0.22336154485355353
                                ],
                                [
                                    0,
                                    1,
                                    0
                                ]
                            ],
                            "origin": [
                                197.0617951931993,
                                45.1568856067693,
                                0
                            ]
                        },
                        "version": "1.0"
                    },
                    "startpoint": [
                        98.41099821266447,
                        475.66272959946957,
                        11.428519890472586
                    ],
                    "endpoint": [
                        92.78708160608153,
                        500.20514627897467,
                        10.332047701227651
                    ],
                    "score": 2.464320713379126,
                    "interpolated": false,
                    "source_file": "PwlClean",
                    "validated": false
                }
            ],
            "interpolated": false,
            "source": 0,
            "target": 9,
            "external_information": {},
            "tool_metrics": {
                "initial_nb_conductors": 4
            }
        },
        {
            "weight": 25.485907841378257,
            "from_gis": false,
            "source_file": "PwlClean",
            "conductors": [
                {
                    "id": 0,
                    "model": {
                        "curve2d": {
                            "coeffs": [
                                -0.002120243224209605,
                                -0.05897070695971983,
                                -7.105427357601002e-15
                            ]
                        },
                        "plane": {
                            "orientation": [
                                [
                                    0.4909042704512391,
                                    -0.44340372015794416,
                                    -0.7499374228579554
                                ],
                                [
                                    0.8637521582281285,
                                    0.13528917985109853,
                                    0.48541636454848447
                                ],
                                [
                                    -0.11377700298824353,
                                    -0.8860530338333663,
                                    0.44940495638755534
                                ]
                            ],
                            "origin": [
                                131.10045595032065,
                                285.8631063859975,
                                13.91380982560651
                            ]
                        },
                        "version": "1.0"
                    },
                    "startpoint": [
                        124.83457617028981,
                        275.20917272818343,
                        14.965369234166335
                    ],
                    "endpoint": [
                        138.00100004196167,
                        296.97100000113255,
                        13.431000099182196
                    ],
                    "score": 23.33155293297262,
                    "interpolated": false,
                    "source_file": "PwlClean",
                    "validated": false,
                    "tool_metrics": {
                        "edited": true
                    }
                },
                {
                    "id": 1,
                    "model": {
                        "curve2d": {
                            "coeffs": [
                                -0.0025600607084519168,
                                -0.061667392656041556,
                                -1.0610812788402281e-14
                            ]
                        },
                        "plane": {
                            "orientation": [
                                [
                                    0.5007983533819178,
                                    -0.23033959544907465,
                                    -0.8343528510278588
                                ],
                                [
                                    0.8571345318692563,
                                    -0.0022288822787565926,
                                    0.5150877851017814
                                ],
                                [
                                    -0.12050478632499029,
                                    -0.973107755005654,
                                    0.19631580074111293
                                ]
                            ],
                            "origin": [
                                130.20411075196893,
                                286.3939683382579,
                                13.678261711501762
                            ]
                        },
                        "version": "1.0"
                    },
                    "startpoint": [
                        123.90591215843557,
                        275.7598191840551,
                        14.812150988807701
                    ],
                    "endpoint": [
                        136.56099964141845,
                        296.83100028991703,
                        13.310999870300359
                    ],
                    "score": 17.758457648976613,
                    "interpolated": false,
                    "source_file": "PwlClean",
                    "validated": false,
                    "tool_metrics": {
                        "edited": true
                    }
                },
                {
                    "id": 2,
                    "model": {
                        "curve2d": {
                            "coeffs": [
                                -0.0030293408380726006,
                                -0.06269195879716645,
                                -1.0647229442090143e-14
                            ]
                        },
                        "plane": {
                            "orientation": [
                                [
                                    0.4919575592424038,
                                    -0.31881240610510464,
                                    -0.8101459187194185
                                ],
                                [
                                    0.8611458499251377,
                                    0.041290159514905986,
                                    0.5066783475578427
                                ],
                                [
                                    -0.12808428889199946,
                                    -0.9469180389245457,
                                    0.2948569865177411
                                ]
                            ],
                            "origin": [
                                132.00240811193066,
                                285.33885605758485,
                                13.79638795842618
                            ]
                        },
                        "version": "1.0"
                    },
                    "startpoint": [
                        125.79079006525716,
                        274.6523128518719,
                        15.093026874583245
                    ],
                    "endpoint": [
                        139.06099964141845,
                        296.86099960327147,
                        13.390999794006413
                    ],
                    "score": 10.516418399114228,
                    "interpolated": false,
                    "source_file": "PwlClean",
                    "validated": false,
                    "tool_metrics": {
                        "edited": true
                    }
                },
                {
                    "startpoint": [
                        125.19081370802024,
                        274.82587593599567,
                        11.43871986962048
                    ],
                    "endpoint": [
                        137.52099967956542,
                        297.15099998593337,
                        10.071000099182195
                    ],
                    "model": {
                        "curve2d": {
                            "coeffs": [
                                -0.001386191225894705,
                                -0.05251509905545562,
                                1.9539925233402755e-14
                            ]
                        },
                        "plane": {
                            "orientation": [
                                [
                                    0.4439435841471256,
                                    -0.7369421282209396,
                                    -0.5097356116142918
                                ],
                                [
                                    0.8919306140120775,
                                    0.30891602398448553,
                                    0.33019792536243364
                                ],
                                [
                                    -0.08587126342754381,
                                    -0.6012380475143009,
                                    0.7944425318036218
                                ]
                            ],
                            "origin": [
                                130.9958753029645,
                                285.7065959087549,
                                10.64099755047632
                            ]
                        },
                        "version": "1.0"
                    },
                    "interpolated": false,
                    "validated": false,
                    "tool_metrics": {
                        "from_tool": true
                    },
                    "id": 3
                }
            ],
            "interpolated": false,
            "source": 1,
            "target": 3,
            "external_information": {},
            "tool_metrics": {
                "initial_nb_conductors": 3
            }
        },
        {
            "weight": 64.81444650819455,
            "from_gis": false,
            "source_file": "PwlClean",
            "conductors": [
                {
                    "id": 0,
                    "model": {
                        "curve2d": {
                            "coeffs": [
                                0.0021060093664948304,
                                0.9679712549101585,
                                123.69865973433077
                            ]
                        },
                        "plane": {
                            "orientation": [
                                [
                                    -0.8066016606823183,
                                    0,
                                    -0.5910953907657598
                                ],
                                [
                                    -0.5910953907657598,
                                    0,
                                    0.8066016606823183
                                ],
                                [
                                    0,
                                    1,
                                    0
                                ]
                            ],
                            "origin": [
                                -88.15103099718417,
                                120.2898366388446,
                                0
                            ]
                        },
                        "version": "1.0"
                    },
                    "startpoint": [
                        124.33776450319397,
                        276.00628718940936,
                        14.8542847942998
                    ],
                    "endpoint": [
                        72.07006849747245,
                        237.70337299903548,
                        14.51981747555591
                    ],
                    "score": 70.26548624296385,
                    "interpolated": false,
                    "source_file": "PwlClean",
                    "validated": false
                },
                {
                    "id": 1,
                    "model": {
                        "curve2d": {
                            "coeffs": [
                                0.002186327225714389,
                                1.012352904973448,
                                129.66653002764704
                            ]
                        },
                        "plane": {
                            "orientation": [
                                [
                                    -0.800333865859327,
                                    0,
                                    -0.5995545873051635
                                ],
                                [
                                    -0.5995545873051635,
                                    0,
                                    0.800333865859327
                                ],
                                [
                                    0,
                                    1.0000000000000002,
                                    0
                                ]
                            ],
                            "origin": [
                                -87.15558268322515,
                                116.34230793498102,
                                0
                            ]
                        },
                        "version": "1.0"
                    },
                    "startpoint": [
                        124.9176669573777,
                        275.21286819824667,
                        14.925055438321952
                    ],
                    "endpoint": [
                        73.05711693363064,
                        236.36254336097227,
                        14.623981387348554
                    ],
                    "score": 51.47575161013956,
                    "interpolated": false,
                    "source_file": "PwlClean",
                    "validated": false
                },
                {
                    "id": 2,
                    "model": {
                        "curve2d": {
                            "coeffs": [
                                0.0022681243985770948,
                                1.0472215327056582,
                                133.3180461032693
                            ]
                        },
                        "plane": {
                            "orientation": [
                                [
                                    -0.8026064199488977,
                                    0,
                                    -0.5965089560575043
                                ],
                                [
                                    -0.5965089560575043,
                                    0,
                                    0.8026064199488977
                                ],
                                [
                                    0,
                                    1,
                                    0
                                ]
                            ],
                            "origin": [
                                -86.71034328926162,
                                116.66929304784018,
                                0
                            ]
                        },
                        "version": "1.0"
                    },
                    "startpoint": [
                        125.52055144380493,
                        274.4024313753808,
                        14.995388250066839
                    ],
                    "endpoint": [
                        73.5117184825949,
                        235.74869788364543,
                        14.651214067018103
                    ],
                    "score": 32.33285931440776,
                    "interpolated": false,
                    "source_file": "PwlClean",
                    "validated": false
                },
                {
                    "id": 3,
                    "model": {
                        "curve2d": {
                            "coeffs": [
                                0.0019178976256982814,
                                0.9003497663557778,
                                115.27821491610541
                            ]
                        },
                        "plane": {
                            "orientation": [
                                [
                                    -0.8082481422650992,
                                    0,
                                    -0.5888420335922157
                                ],
                                [
                                    -0.5888420335922157,
                                    0,
                                    0.8082481422650992
                                ],
                                [
                                    0,
                                    1,
                                    0
                                ]
                            ],
                            "origin": [
                                -87.45170722477671,
                                120.03674308224784,
                                0
                            ]
                        },
                        "version": "1.0"
                    },
                    "startpoint": [
                        125.13609611859032,
                        274.91570647434924,
                        11.147776514791929
                    ],
                    "endpoint": [
                        72.76241571013422,
                        236.7593249551835,
                        12.166772613105522
                    ],
                    "score": 1.8620447275401895,
                    "interpolated": false,
                    "source_file": "PwlClean",
                    "validated": false
                }
            ],
            "interpolated": false,
            "source": 1,
            "target": 5,
            "external_information": {},
            "tool_metrics": {
                "initial_nb_conductors": 4
            }
        },
        {
            "weight": 54.63519199157574,
            "from_gis": false,
            "source_file": "PwlClean",
            "conductors": [
                {
                    "id": 0,
                    "model": {
                        "curve2d": {
                            "coeffs": [
                                0.0019164018223191356,
                                -0.07347573790905892,
                                12.190302959516215
                            ]
                        },
                        "plane": {
                            "orientation": [
                                [
                                    -0.8470368262110567,
                                    0,
                                    0.5315342087225434
                                ],
                                [
                                    0.5315342087225434,
                                    0,
                                    0.8470368262110567
                                ],
                                [
                                    0,
                                    1.0000000000000002,
                                    0
                                ]
                            ],
                            "origin": [
                                172.2028274387879,
                                274.41721346379046,
                                0
                            ]
                        },
                        "version": "1.0"
                    },
                    "startpoint": [
                        137.10365854940832,
                        296.4427126925414,
                        12.436249361209887
                    ],
                    "endpoint": [
                        183.45618352688328,
                        267.35548540349436,
                        13.504725538892592
                    ],
                    "score": 73.5664260765721,
                    "interpolated": false,
                    "source_file": "PwlClean",
                    "validated": false
                },
                {
                    "id": 1,
                    "model": {
                        "curve2d": {
                            "coeffs": [
                                0.00191014994921028,
                                -0.07355965411387015,
                                12.226509727156955
                            ]
                        },
                        "plane": {
                            "orientation": [
                                [
                                    -0.8467840223103319,
                                    0,
                                    0.531936856741414
                                ],
                                [
                                    0.531936856741414,
                                    0,
                                    0.8467840223103319
                                ],
                                [
                                    0,
                                    1.0000000000000002,
                                    0
                                ]
                            ],
                            "origin": [
                                172.89483703130364,
                                275.22925641008374,
                                0
                            ]
                        },
                        "version": "1.0"
                    },
                    "startpoint": [
                        137.67564057468957,
                        297.353420502098,
                        12.471349766580511
                    ],
                    "endpoint": [
                        184.01411564586903,
                        268.2442945312255,
                        13.521798667202152
                    ],
                    "score": 57.33387435954928,
                    "interpolated": false,
                    "source_file": "PwlClean",
                    "validated": false
                },
                {
                    "id": 2,
                    "model": {
                        "curve2d": {
                            "coeffs": [
                                0.002082812171538655,
                                -0.08293478775272303,
                                12.17371123509231
                            ]
                        },
                        "plane": {
                            "orientation": [
                                [
                                    -0.8465986938603096,
                                    0,
                                    0.5322317648863303
                                ],
                                [
                                    0.5322317648863303,
                                    0,
                                    0.8465986938603096
                                ],
                                [
                                    0,
                                    1.0000000000000002,
                                    0
                                ]
                            ],
                            "origin": [
                                173.53543488179184,
                                276.03552099296945,
                                0
                            ]
                        },
                        "version": "1.0"
                    },
                    "startpoint": [
                        138.2283644552454,
                        298.2320404801439,
                        12.337530567059094
                    ],
                    "endpoint": [
                        184.55653319556646,
                        269.10687977362227,
                        13.60633938701815
                    ],
                    "score": 41.95534315290418,
                    "interpolated": false,
                    "source_file": "PwlClean",
                    "validated": false
                },
                {
                    "id": 3,
                    "model": {
                        "curve2d": {
                            "coeffs": [
                                -0.0014107219597492982,
                                -0.007743040085573793,
                                -9.569504307689219e-16
                            ]
                        },
                        "plane": {
                            "orientation": [
                                [
                                    0.8519853598145899,
                                    0.009265888933140629,
                                    0.5234836100241176
                                ],
                                [
                                    -0.5233409863623008,
                                    0.044356421331442644,
                                    0.850968107439992
                                ],
                                [
                                    -0.015334883597150534,
                                    -0.9989727980225218,
                                    0.04264024104195006
                                ]
                            ],
                            "origin": [
                                160.87096316828493,
                                282.8504179518413,
                                8.804967102055668
                            ]
                        },
                        "version": "1.0"
                    },
                    "startpoint": [
                        137.52099967956542,
                        297.15099998593337,
                        10.071000099182195
                    ],
                    "endpoint": [
                        184.1580662475643,
                        268.48267209239526,
                        9.651039130850046
                    ],
                    "score": 13.10653355504163,
                    "interpolated": false,
                    "source_file": "PwlClean",
                    "validated": false,
                    "tool_metrics": {
                        "edited": true
                    }
                }
            ],
            "interpolated": false,
            "source": 3,
            "target": 8,
            "external_information": {},
            "tool_metrics": {
                "initial_nb_conductors": 4
            }
        },
        {
            "weight": 73.17643305878676,
            "from_gis": false,
            "source_file": "PwlClean",
            "conductors": [
                {
                    "id": 0,
                    "model": {
                        "curve2d": {
                            "coeffs": [
                                -0.0017073054420636644,
                                0.003984121201581965,
                                -3.3262426085467464e-15
                            ]
                        },
                        "plane": {
                            "orientation": [
                                [
                                    -0.2075667420376665,
                                    -0.026716683460696024,
                                    -0.9778559538217937
                                ],
                                [
                                    0.978185645500499,
                                    0.0028129034767246735,
                                    -0.20771357806076124
                                ],
                                [
                                    0.008300032327779174,
                                    -0.9996390880707354,
                                    0.025550011046303264
                                ]
                            ],
                            "origin": [
                                131.32296071871298,
                                333.02230930169645,
                                11.219086578446564
                            ]
                        },
                        "version": "1.0"
                    },
                    "startpoint": [
                        139.06099964141845,
                        296.86099960327147,
                        13.390999794006413
                    ],
                    "endpoint": [
                        123.72948743373104,
                        369.07505408012764,
                        13.697424251894006
                    ],
                    "score": 83.38917712585179,
                    "interpolated": false,
                    "source_file": "PwlClean",
                    "validated": false,
                    "tool_metrics": {
                        "edited": true
                    }
                },
                {
                    "id": 1,
                    "model": {
                        "curve2d": {
                            "coeffs": [
                                -0.001778680698824239,
                                0.0061453011167174245,
                                3.0138551845037415e-15
                            ]
                        },
                        "plane": {
                            "orientation": [
                                [
                                    -0.20864085032622004,
                                    0.05665471360763053,
                                    -0.9763499572393033
                                ],
                                [
                                    0.9779322250719501,
                                    0.023153559929673946,
                                    -0.20763543972166446
                                ],
                                [
                                    0.01084245087504947,
                                    -0.9981253208333212,
                                    -0.06023524857093045
                                ]
                            ],
                            "origin": [
                                129.0999747544641,
                                332.54942334422117,
                                11.122262364711732
                            ]
                        },
                        "version": "1.0"
                    },
                    "startpoint": [
                        136.56099964141845,
                        296.83100028991703,
                        13.310999870300359
                    ],
                    "endpoint": [
                        121.28380408586867,
                        368.55247898970373,
                        13.708914059216855
                    ],
                    "score": 64.27898710276457,
                    "interpolated": false,
                    "source_file": "PwlClean",
                    "validated": false,
                    "tool_metrics": {
                        "edited": true
                    }
                },
                {
                    "id": 2,
                    "model": {
                        "curve2d": {
                            "coeffs": [
                                -0.0017704261233080696,
                                0.00428012348219541,
                                1.5330599875258424e-15
                            ]
                        },
                        "plane": {
                            "orientation": [
                                [
                                    -0.21720806833782266,
                                    -0.023251961951330506,
                                    -0.9758483495473902
                                ],
                                [
                                    0.9760942821598482,
                                    0.002799345743159104,
                                    -0.2173295101873236
                                ],
                                [
                                    0.007785074425051268,
                                    -0.9997257173489257,
                                    0.022088066628210744
                                ]
