{
    "links": [
        {
            "weight": 43.43675743125414,
            "from_gis": false,
            "source_file": "PwlClean",
            "conductors": [
                {
                    "id": 0,
                    "model": {
                        "curve2d": {
                            "coeffs": [
                                0.0012524192675419945,
                                0.5523716925561348,
                                88.46337941507093
                            ]
                        },
                        "plane": {
                            "orientation": [
                                [
                                    -0.999990350106742,
                                    0,
                                    -0.0043931416316492725
                                ],
                                [
                                    -0.0043931416316492725,
                                    0,
                                    0.999990350106742
                                ],
                                [
                                    0,
                                    1,
                                    0
                                ]
                            ],
                            "origin": [
                                -0.7085075114863961,
                                161.27426199062756,
                                0
                            ]
                        },
                        "version": "1.0"
                    },
                    "startpoint": [
                        228.19175925468033,
                        162.2798629859959,
                        27.646321481184522
                    ],
                    "endpoint": [
                        184.73525796188693,
                        162.08895057871635,
                        29.099270400095236
                    ],
                    "score": 4.094149072195161,
                    "interpolated": false,
                    "source_file": "PwlClean",
                    "validated": false
                },
                {
                    "id": 1,
                    "model": {
                        "curve2d": {
                            "coeffs": [
                                -0.0003283290809077799,
                                0.025941870352059644,
                                -7.373123012274514e-16
                            ]
                        },
                        "plane": {
                            "orientation": [
                                [
                                    -0.9986328818404943,
                                    -0.051837141813721864,
                                    0.006728895565741479
                                ],
                                [
                                    -0.006719846958494086,
                                    -0.0003488443635215655,
                                    -0.9999773607259638
                                ],
                                [
                                    0.05183831559575392,
                                    -0.9986554906654217,
                                    2.979230338844644e-8
                                ]
                            ],
                            "origin": [
                                206.46329153682623,
                                162.26638461338206,
                                26.21152399960583
                            ]
                        },
                        "version": "1.0"
                    },
                    "startpoint": [
                        228.19109199176748,
                        162.4125920067562,
                        25.80297638073635
                    ],
                    "endpoint": [
                        184.73549108188493,
                        162.12017722000795,
                        26.93009216669216
                    ],
                    "score": 2.5404328947351145,
                    "interpolated": false,
                    "source_file": "PwlClean",
                    "validated": false,
                    "tool_metrics": {
                        "edited": true
                    }
                }
            ],
            "interpolated": false,
            "source": 1,
            "target": 5,
            "external_information": {},
            "tool_metrics": {
                "initial_nb_conductors": 2
            }
        },
        {
            "source": 8,
            "target": 9,
            "conductors": [
                {
                    "startpoint": [
                        322.21628116036794,
                        163.58195577440094,
                        21.467972382082056
                    ],
                    "endpoint": [
                        417.39206656926865,
                        164.47447765823108,
                        20.175626370923908
                    ],
                    "model": {
                        "curve2d": {
                            "coeffs": [
                                -0.0005837027815378711,
                                -0.039304033446396755,
                                2.2341756361127403e-15
                            ]
                        },
                        "plane": {
                            "orientation": [
                                [
                                    0.9995742877959015,
                                    -0.028115151223797596,
                                    -0.007796245826014037
                                ],
                                [
                                    0.01089561047015452,
                                    0.11182918085948561,
                                    0.9936677110487083
                                ],
                                [
                                    -0.02706527017783691,
                                    -0.9933296394349458,
                                    0.11208790554846336
                                ]
                            ],
                            "origin": [
                                391.8110046386719,
                                164.3509979248047,
                                19.490999221801793
                            ]
                        },
                        "version": "1.0"
                    },
                    "interpolated": false,
                    "validated": false,
                    "tool_metrics": {
                        "from_tool": true
                    },
                    "id": 0
                },
                {
                    "startpoint": [
                        322.45843346648735,
                        163.61182025916833,
                        25.195799327331414
                    ],
                    "endpoint": [
                        417.5131243788333,
                        164.3377583283131,
                        23.916482784002806
                    ],
                    "model": {
                        "curve2d": {
                            "coeffs": [
                                -0.0011016074988039568,
                                -0.051163570483150025,
                                0
                            ]
                        },
                        "plane": {
                            "orientation": [
                                [
                                    0.999610298527127,
                                    -0.02678934996560177,
                                    -0.00784740765656748
                                ],
                                [
                                    0.0074225511807138695,
                                    -0.01592192789431104,
                                    0.9998456870668084
                                ],
                                [
                                    -0.026910161881295414,
                                    -0.9995142935148796,
                                    -0.015716877774341918
                                ]
                            ],
                            "origin": [
                                387.0409851074219,
                                164.0709991455078,
                                22.16099929809574
                            ]
                        },
                        "version": "1.0"
                    },
                    "interpolated": false,
                    "validated": false,
                    "tool_metrics": {
                        "from_tool": true
                    },
                    "id": 1
                }
            ],
            "external_information": {},
            "tool_metrics": {
                "from_tool": true
            }
        },
        {
            "source": 14,
            "target": 8,
            "conductors": [
                {
                    "startpoint": [
                        274.61255050721866,
                        163.14448095127963,
                        24.699374068209853
                    ],
                    "endpoint": [
                        322.07860125118026,
                        163.63016102333486,
                        21.4492638327827
                    ],
                    "model": {
                        "curve2d": {
                            "coeffs": [
                                -0.0003170163716426433,
                                -0.0651110462834323,
                                2.8421709430404004e-14
                            ]
                        },
                        "plane": {
                            "orientation": [
                                [
                                    0.992243731503891,
                                    -0.11251741243936407,
                                    -0.05284135869927476
                                ],
                                [
                                    -0.03501774962773768,
                                    -0.6608764645716986,
                                    0.7496773011010948
                                ],
                                [
                                    -0.11927336040476288,
                                    -0.7420122171993954,
                                    -0.6596906358472834
                                ]
                            ],
                            "origin": [
                                293.031005859375,
                                163.2209930419922,
                                23.311000823974645
                            ]
                        },
                        "version": "1.0"
                    },
                    "interpolated": false,
                    "validated": false,
                    "tool_metrics": {
                        "from_tool": true
                    },
                    "id": 0
                },
                {
                    "startpoint": [
                        274.72965947699646,
                        163.12452458042344,
                        25.890842186895487
                    ],
                    "endpoint": [
                        322.46634379762673,
                        163.41351802418393,
                        25.180739822103888
                    ],
                    "model": {
                        "curve2d": {
                            "coeffs": [
                                -0.0007315928662575469,
                                0.009649044798031857,
                                7.105427357601003e-15
                            ]
                        },
                        "plane": {
                            "orientation": [
                                [
                                    0.9995234937090594,
                                    -0.030801876759051036,
                                    0.002007464011359733
                                ],
                                [
                                    0.013336574922563486,
                                    0.48959432723930124,
                                    0.871848341458783
                                ],
                                [
                                    -0.027837408158295263,
                                    -0.8714061275451397,
                                    0.48977182399951535
                                ]
                            ],
                            "origin": [
                                281.83099365234375,
                                163.27099609375,
                                25.600999832153356
                            ]
                        },
                        "version": "1.0"
                    },
                    "interpolated": false,
                    "validated": false,
                    "tool_metrics": {
                        "from_tool": true
                    },
                    "id": 1
                }
            ],
            "external_information": {},
            "tool_metrics": {
                "from_tool": true
            }
        },
        {
            "source": 14,
            "target": 1,
            "conductors": [
                {
                    "startpoint": [
                        274.7428335622259,
                        163.03046673922006,
                        26.210982007110513
                    ],
                    "endpoint": [
                        227.96996136606373,
                        162.16882538999124,
                        27.557527365199512
                    ],
                    "model": {
                        "curve2d": {
                            "coeffs": [
                                -0.0011174738131019646,
                                0.026195722249903543,
                                6.073597724307079e-15
                            ]
                        },
                        "plane": {
                            "orientation": [
                                [
                                    -0.9980632307924658,
                                    -0.06139251162842445,
                                    0.010037273337916389
                                ],
                                [
                                    -0.02609670212312763,
                                    0.2667444216945855,
                                    -0.9634139170850283
                                ],
                                [
                                    0.056469013435715566,
                                    -0.9618099464087356,
                                    -0.2678299414009234
                                ]
                            ],
                            "origin": [
                                250.16099548339844,
                                162.74099731445312,
                                26.330999374389684
                            ]
                        },
                        "version": "1.0"
                    },
                    "interpolated": false,
                    "validated": false,
                    "tool_metrics": {
                        "from_tool": true
                    },
                    "id": 0
                },
                {
                    "startpoint": [
                        274.5651692389187,
                        162.95279436284835,
                        24.624941429583163
                    ],
                    "endpoint": [
                        227.8288837051327,
                        162.5661365269793,
                        25.65881260908961
                    ],
                    "model": {
                        "curve2d": {
                            "coeffs": [
                                -0.0022021418761483187,
                                0.043586617364246134,
                                -1.2388061737808038e-15
                            ]
                        },
                        "plane": {
                            "orientation": [
                                [
                                    -0.9990090765380416,
                                    -0.04324934240104415,
                                    0.01050520711301848
                                ],
                                [
                                    -0.005988580633425812,
                                    -0.10326648553038159,
                                    -0.99463569706109
                                ],
                                [
                                    0.04410217564482649,
                                    -0.9937130004926376,
                                    0.10290515417272421
                                ]
                            ],
                            "origin": [
                                256.02099992752073,
                                162.68099975585938,
                                23.8910007476807
                            ]
                        },
                        "version": "1.0"
                    },
                    "interpolated": false,
                    "validated": false,
                    "tool_metrics": {
                        "from_tool": true
                    },
                    "id": 1
                }
            ],
            "external_information": {},
            "tool_metrics": {
                "from_tool": true
            }
        },
        {
            "source": 10,
            "target": 5,
            "conductors": [
                {
                    "startpoint": [
                        90.30421368415458,
                        161.7713201464431,
                        29.56214318633249
                    ],
                    "endpoint": [
                        184.72482880234864,
                        161.94084277919498,
                        29.406581035035284
                    ],
                    "model": {
                        "curve2d": {
                            "coeffs": [
                                -0.0008585379012220966,
                                -0.047959043784884976,
                                1.890433943710974e-15
                            ]
                        },
                        "plane": {
                            "orientation": [
                                [
                                    0.9999924819734479,
                                    -0.0035849183847899077,
                                    -0.0014779569538671518
                                ],
                                [
                                    0.0020848890192133613,
                                    0.17571233070727496,
                                    0.9844393480937232
                                ],
                                [
                                    -0.003269439456642758,
                                    -0.9844350284287895,
                                    0.17571848385428243
                                ]
                            ],
                            "origin": [
                                164.4810028076172,
                                162.13099670410156,
                                28.170999526977575
                            ]
                        },
                        "version": "1.0"
                    },
                    "interpolated": false,
                    "validated": false,
                    "tool_metrics": {
                        "from_tool": true
                    },
                    "id": 0
                },
                {
                    "startpoint": [
                        90.54798188687407,
                        161.8608885655516,
                        27.516086159589342
                    ],
                    "endpoint": [
                        184.62459118553554,
                        161.96785772574347,
                        26.569287284861563
                    ],
                    "model": {
                        "curve2d": {
                            "coeffs": [
                                -0.0003972741097478781,
                                -0.01729447060790237,
                                -1.4210854715202002e-14
                            ]
                        },
                        "plane": {
                            "orientation": [
                                [
                                    0.9998181652027976,
                                    -0.0180033990670888,
                                    0.0062860283600510505
                                ],
                                [
                                    0.008229516267351394,
                                    0.7047286859867102,
                                    0.7094291749071575
                                ],
                                [
                                    -0.017202081051943072,
                                    -0.7092484450243624,
                                    0.7047487010545012
                                ]
                            ],
                            "origin": [
                                146.67099998474123,
                                162.52100009918215,
                                26.35099956512455
                            ]
                        },
                        "version": "1.0"
                    },
                    "interpolated": false,
                    "validated": false,
                    "tool_metrics": {
                        "from_tool": true
                    },
                    "id": 1
                }
            ],
            "external_information": {},
            "tool_metrics": {
                "from_tool": true
            }
        },
        {
            "source": 10,
            "target": 11,
            "conductors": [
                {
                    "startpoint": [
                        89.94662947143519,
                        161.88519921328077,
                        29.530411082893515
                    ],
                    "endpoint": [
                        24.703176178466542,
                        161.0354501400097,
                        31.486394278916993
                    ],
                    "model": {
                        "curve2d": {
                            "coeffs": [
                                -0.0014830164294848457,
                                0.08653700737006542,
                                -7.105427357601002e-15
                            ]
                        },
                        "plane": {
                            "orientation": [
                                [
                                    -0.9981424003265641,
                                    -0.05913805700004364,
                                    0.014643731921383624
                                ],
                                [
                                    -0.011359727053277039,
                                    -0.055490452873242446,
                                    -0.9983945944571202
                                ],
                                [
                                    0.05985570375161256,
                                    -0.9967063257821644,
                                    0.054715581640124654
                                ]
                            ],
                            "origin": [
                                76.33100128173828,
                                161.6510009765625,
                                28.900999069213903
                            ]
                        },
                        "version": "1.0"
                    },
                    "interpolated": false,
                    "validated": false,
                    "tool_metrics": {
                        "from_tool": true
                    },
                    "id": 0
                },
                {
                    "startpoint": [
                        90.28807304524983,
                        161.96125226710117,
                        34.59176103083547
                    ],
                    "endpoint": [
                        25.044559310753513,
                        161.13234208865634,
                        36.46617909652176
                    ],
                    "model": {
                        "curve2d": {
                            "coeffs": [
                                -0.0013892250243458294,
                                0.06703097059758045,
                                -6.152859973019808e-15
                            ]
                        },
                        "plane": {
                            "orientation": [
                                [
                                    -0.9982587276630677,
                                    -0.05780487911188428,
                                    0.01175196134163543
                                ],
                                [
                                    -0.013627895572841683,
                                    0.032166447147911115,
                                    -0.9993896137844022
                                ],
                                [
                                    0.05739157696710007,
                                    -0.9978095587980409,
                                    -0.03289819545945254
                                ]
                            ],
                            "origin": [
                                71.38099670410156,
                                161.76100158691406,
                                33.92100143432621
                            ]
                        },
                        "version": "1.0"
                    },
                    "interpolated": false,
                    "validated": false,
                    "tool_metrics": {
                        "from_tool": true
                    },
                    "id": 1
                }
            ],
            "external_information": {},
            "tool_metrics": {
                "from_tool": true
            }
        },
        {
            "source": 11,
            "target": 15,
            "conductors": [
                {
                    "startpoint": [
                        25.300648074751038,
                        161.0320900636032,
                        31.640317495241614
                    ],
                    "endpoint": [
                        0.3745374819051186,
                        160.24678986398158,
                        31.062519178091758
                    ],
                    "model": {
                        "curve2d": {
                            "coeffs": [
                                -0.0022545953800039305,
                                -0.02576331495850041,
                                -1.4119325033737693e-14
                            ]
                        },
                        "plane": {
                            "orientation": [
                                [
                                    -0.9989429084684102,
                                    0.02422096367864498,
                                    0.03906930430852396
                                ],
                                [
                                    -0.018264039365790123,
                                    0.5708269575185869,
                                    -0.820867230090298
                                ],
                                [
                                    -0.04218400747580957,
                                    -0.8207130616046945,
                                    -0.5697811685416865
                                ]
                            ],
                            "origin": [
                                12.270999908447266,
                                160.8209991455078,
                                31.05100059509281
                            ]
                        },
                        "version": "1.0"
                    },
                    "interpolated": false,
                    "validated": false,
                    "tool_metrics": {
                        "from_tool": true
                    },
                    "id": 0
                },
                {
                    "startpoint": [
                        25.114497344063235,
                        160.09637382895434,
                        36.67078973802482
                    ],
                    "endpoint": [
                        0.18158030258748958,
                        159.55686725249302,
                        36.19884801226371
                    ],
                    "model": {
                        "curve2d": {
                            "coeffs": [
                                -0.001130091694172474,
                                -0.019630355197784118,
                                -8.881784197001252e-15
                            ]
                        },
                        "plane": {
                            "orientation": [
                                [
                                    -0.9991845305739648,
                                    0.030725116502696548,
                                    0.026196203495564525
                                ],
                                [
                                    -0.016121849395611183,
                                    0.2912388183703364,
                                    -0.9565145250576781
                                ],
                                [
                                    -0.0370183715707557,
                                    -0.9561568479544273,
                                    -0.2905059763173618
                                ]
                            ],
                            "origin": [
                                12.340999603271484,
                                159.87100219726562,
                                36.2610015869141
                            ]
                        },
                        "version": "1.0"
                    },
                    "interpolated": false,
                    "validated": false,
                    "tool_metrics": {
                        "from_tool": true
                    },
                    "id": 1
                },
                {
                    "startpoint": [
                        25.09773365395045,
                        160.97661593613162,
                        36.63030368968534
                    ],
                    "endpoint": [
                        0.161920061329484,
                        160.7930891923608,
                        36.154031215319385
                    ],
                    "model": {
                        "curve2d": {
                            "coeffs": [
                                -0.002218803385108269,
                                -0.04057931151502112,
                                0
                            ]
                        },
                        "plane": {
                            "orientation": [
                                [
                                    -0.9992254394387452,
                                    0.03913611582142791,
                                    0.004109211221007917
                                ],
                                [
                                    -0.010504179950175684,
                                    -0.16463396017630416,
                                    -0.9862987992288349
                                ],
                                [
                                    -0.03792338832463952,
                                    -0.9855780149714577,
                                    0.16491753400684755
                                ]
                            ],
                            "origin": [
                                7.801000118255615,
                                160.80099983215334,
                                36.01100009918217
                            ]
                        },
                        "version": "1.0"
                    },
                    "interpolated": false,
                    "validated": false,
                    "tool_metrics": {
                        "from_tool": true
                    },
                    "id": 2
                },
                {
                    "startpoint": [
                        25.08185720703446,
                        162.14066810728343,
                        36.90160415982747
                    ],
                    "endpoint": [
                        0.1402014628359698,
                        161.60063160733262,
                        36.38186626077416
                    ],
                    "model": {
                        "curve2d": {
                            "coeffs": [
                                -0.000566399188655826,
                                -0.023308236899355694,
                                2.850451692246507e-14
                            ]
                        },
                        "plane": {
                            "orientation": [
                                [
                                    -0.9987197183803539,
                                    0.050206229065772136,
                                    -0.006185360237077581
                                ],
                                [
                                    -0.03929100067495478,
                                    -0.8469188004256027,
                                    -0.5302685760552089
                                ],
                                [
                                    -0.031861283467994606,
                                    -0.5293466539505595,
                                    0.847807158832195
                                ]
                            ],
                            "origin": [
                                10.430999755859375,
                                161.75100708007812,
                                36.550998687744176
                            ]
                        },
                        "version": "1.0"
                    },
                    "interpolated": false,
                    "validated": false,
                    "tool_metrics": {
                        "from_tool": true
                    },
                    "id": 3
                },
                {
                    "startpoint": [
                        25.274031272085143,
                        160.96962501458003,
                        34.573200768852786
                    ],
                    "endpoint": [
                        0.38760808230158617,
                        160.3283209732716,
                        33.62898161676618
                    ],
                    "model": {
                        "curve2d": {
                            "coeffs": [
                                -0.0031211584597632264,
                                0.004041455783704874,
                                3.554149492325005e-14
                            ]
                        },
                        "plane": {
                            "orientation": [
                                [
                                    -0.9975700275711381,
                                    0.05531746749762454,
                                    0.042355848254633816
                                ],
                                [
                                    -0.004849190497526027,
                                    0.5513391370079959,
                                    -0.834267128295726
                                ],
                                [
                                    -0.06950198157778681,
                                    -0.8324452737525319,
                                    -0.5497311531683767
                                ]
                            ],
                            "origin": [
                                19.570999145507812,
                                161.01100158691406,
                                34.07099914550785
                            ]
                        },
                        "version": "1.0"
                    },
                    "interpolated": false,
                    "validated": false,
                    "tool_metrics": {
                        "from_tool": true
                    },
                    "id": 4
                }
            ],
            "external_information": {},
            "tool_metrics": {
                "from_tool": true
            }
        }
    ],
    "nodes": [
        {
            "X": 228.19133443573892,
            "Y": 162.3765625412701,
            "Z": 31.13,
            "source_file": "PolesClean",
            "footprint": {
                "min": [
                    240.49443719730823,
                    139.49229173969118,
                    20.6
                ],
                "max": [
                    241.54027217910422,
                    143.13130301638265,
                    31.13
                ],
                "rotation": [
                    [
                        0.9964668319078136,
                        -0.08398721871573725,
                        0
                    ],
                    [
                        0.08398721871573725,
                        0.9964668319078136,
                        0
                    ],
                    [
                        0,
                        0,
                        1
                    ]
                ]
            },
            "powerline_metrics": {
                "error_lean_angle": false
            },
            "lean_angle": {
                "top": [
                    228.19133443573892,
                    162.3765625412701,
                    31.13
                ],
                "bottom": [
                    228.15698571072022,
                    162.6525246268404,
                    20.6
                ],
                "angle": 1.5127985849235903
            },
            "pole_angle": null,
            "id": 1,
            "validated": false
        },
        {
            "X": 184.7344243260398,
            "Y": 162.2787072204531,
            "Z": 32.4,
            "source_file": "PolesClean",
            "footprint": {
                "min": [
                    229.69952128072495,
                    84.83575357199213,
                    21.43
                ],
                "max": [
                    231.14172073827382,
                    87.3395966682622,
                    32.4
                ],
                "rotation": [
                    [
                        0.9350612311854807,
                        -0.3544862394140185,
                        0
                    ],
                    [
                        0.3544862394140185,
                        0.9350612311854807,
                        0
                    ],
                    [
                        0,
                        0,
                        1
                    ]
                ]
