{
    "links": [
        {
            "weight": 289.19011259536603,
            "from_gis": false,
            "source_file": "PwlClean",
            "conductors": [
                {
                    "id": 0,
                    "model": {
                        "curve2d": {
                            "coeffs": [
                                -0.0002244668073690364,
                                0.018718053264722374,
                                7.371426893097383e-15
                            ]
                        },
                        "plane": {
                            "orientation": [
                                [
                                    -0.9032949974000464,
                                    -0.04776116299366409,
                                    -0.42635316227459114
                                ],
                                [
                                    0.4273606654204593,
                                    -0.012851624008980999,
                                    -0.9039898768303295
                                ],
                                [
                                    0.03769627731532259,
                                    -0.9987761045749064,
                                    0.03202005007400615
                                ]
                            ],
                            "origin": [
                                232.65528962388794,
                                211.76507679188214,
                                33.69713876502456
                            ]
                        },
                        "version": "1.0"
                    },
                    "startpoint": [
                        364.2910002136231,
                        149.75099922180175,
                        35.67099994659427
                    ],
                    "endpoint": [
                        102.04099971771241,
                        273.63100006103514,
                        41.14100021362311
                    ],
                    "score": 341.91426539138075,
                    "interpolated": false,
                    "source_file": "PwlClean",
                    "validated": false,
                    "tool_metrics": {
                        "edited": true
                    }
                },
                {
                    "id": 1,
                    "model": {
                        "curve2d": {
                            "coeffs": [
                                -0.00023287112186517526,
                                0.018282759404587522,
                                5.196272753831729e-16
                            ]
                        },
                        "plane": {
                            "orientation": [
                                [
                                    -0.9034966367836925,
                                    -0.026058547502342884,
                                    -0.42780226673385696
                                ],
                                [
                                    0.4270535209661911,
                                    0.029849478847116015,
                                    -0.9037335330964184
                                ],
                                [
                                    0.03631965791327373,
                                    -0.9992146719872681,
                                    -0.01584050928597501
                                ]
                            ],
                            "origin": [
                                232.4830938375792,
                                211.40092089559823,
                                33.456290854909525
                            ]
                        },
                        "version": "1.0"
                    },
                    "startpoint": [
                        363.501001739502,
                        149.34099937438964,
                        35.721000671386754
                    ],
                    "endpoint": [
                        101.27100372314453,
                        273.38100006103514,
                        40.991001129150455
                    ],
                    "score": 223.00487328369292,
                    "interpolated": false,
                    "source_file": "PwlClean",
                    "validated": false,
                    "tool_metrics": {
                        "edited": true
                    }
                },
                {
                    "startpoint": [
                        358.63100036621097,
                        140.00100017547607,
                        35.790999832153354
                    ],
                    "endpoint": [
                        97.04099995613099,
                        263.63100006103514,
                        40.931000175476136
                    ],
                    "model": {
                        "curve2d": {
                            "coeffs": [
                                -0.00022231456707463856,
                                0.017696950761471906,
                                -7.105427357601002e-15
                            ]
                        },
                        "plane": {
                            "orientation": [
                                [
                                    -0.9034695598373879,
                                    -0.03623626877963145,
                                    -0.42711788451452987
                                ],
                                [
                                    0.42717821896786895,
                                    0.0064504766276747925,
                                    -0.9041444356908445
                                ],
                                [
                                    0.035517934718624515,
                                    -0.9993224325392711,
                                    0.009651535479777252
                                ]
                            ],
                            "origin": [
                                227.52906085880028,
                                201.91139454120486,
                                33.71418200356564
                            ]
                        },
                        "version": "1.0"
                    },
                    "interpolated": false,
                    "validated": false,
                    "tool_metrics": {
                        "from_tool": true
                    },
                    "id": 2
                },
                {
                    "startpoint": [
                        359.06099971771243,
                        140.44099975585937,
                        35.73099988937381
                    ],
                    "endpoint": [
                        97.76099998474122,
                        263.88100006103514,
                        41.07099956512457
                    ],
                    "model": {
                        "curve2d": {
                            "coeffs": [
                                -0.00023292109817851602,
                                0.018242484061442712,
                                7.364668648242552e-15
                            ]
                        },
                        "plane": {
                            "orientation": [
                                [
                                    -0.9035014761294745,
                                    -0.03693990787069469,
                                    -0.4269900769788045
                                ],
                                [
                                    0.42698980360474537,
                                    0.008293689539530306,
                                    -0.9042184041100927
                                ],
                                [
                                    0.03694306767773576,
                                    -0.9992830719672612,
                                    0.008279603265360102
                                ]
                            ],
                            "origin": [
                                227.77392486035473,
                                202.41742783409669,
                                33.55078548307419
                            ]
                        },
                        "version": "1.0"
                    },
                    "interpolated": false,
                    "validated": false,
                    "tool_metrics": {
                        "from_tool": true
                    },
                    "id": 3
                },
                {
                    "startpoint": [
                        367.9209999084473,
                        159.15099884033202,
                        35.800998687744176
                    ],
                    "endpoint": [
                        105.85100067138671,
                        283.11099960327147,
                        40.88100051879889
                    ],
                    "model": {
                        "curve2d": {
                            "coeffs": [
                                -0.00024651255636541126,
                                0.017487577183849082,
                                -2.485134186805607e-16
                            ]
                        },
                        "plane": {
                            "orientation": [
                                [
                                    -0.9033548665148206,
                                    -0.035435621770234106,
                                    -0.4274275398868775
                                ],
                                [
                                    0.42746063368434195,
                                    0.007018995089438025,
                                    -0.9040067147749045
                                ],
                                [
                                    0.03503415182607198,
                                    -0.9993473122081689,
                                    0.008806689964815465
                                ]
                            ],
                            "origin": [
                                236.63788463593158,
                                221.19789776880023,
                                33.16598741627796
                            ]
                        },
                        "version": "1.0"
                    },
                    "interpolated": false,
                    "validated": false,
                    "tool_metrics": {
                        "from_tool": true
                    },
                    "id": 4
                },
                {
                    "startpoint": [
                        367.97100051879886,
                        159.79100008010866,
                        35.63099998474125
                    ],
                    "endpoint": [
                        106.37099964141846,
                        283.0509999608994,
                        41.4509996795655
                    ],
                    "model": {
                        "curve2d": {
                            "coeffs": [
                                -0.00023465115758416883,
                                0.020044135278175414,
                                -2.848442943300058e-16
                            ]
                        },
                        "plane": {
                            "orientation": [
                                [
                                    -0.903824235349,
                                    -0.03920571728568031,
                                    -0.42610405223127235
                                ],
                                [
                                    0.42600815044721074,
                                    0.011187283581749825,
                                    -0.9046501536166387
                                ],
                                [
                                    0.040234405032785185,
                                    -0.9991685325400199,
                                    0.00659061707892145
                                ]
                            ],
                            "origin": [
                                236.82169387204675,
                                221.5498435352979,
                                33.642750565475545
                            ]
                        },
                        "version": "1.0"
                    },
                    "interpolated": false,
                    "validated": false,
                    "tool_metrics": {
                        "from_tool": true
                    },
                    "id": 5
                }
            ],
            "interpolated": false,
            "source": 1,
            "target": 8,
            "external_information": {},
            "tool_metrics": {
                "initial_nb_conductors": 2
            }
        },
        {
            "weight": 288.7843397834757,
            "from_gis": false,
            "source_file": "PwlClean",
            "conductors": [
                {
                    "startpoint": [
                        112.86100036621094,
                        297.4210004425049,
                        43.231000366211006
                    ],
                    "endpoint": [
                        374.9009994506836,
                        173.93100143432616,
                        38.40100097656254
                    ],
                    "model": {
                        "curve2d": {
                            "coeffs": [
                                -0.00029541482761989197,
                                -0.016159203791000505,
                                -6.416519065439255e-15
                            ]
                        },
                        "plane": {
                            "orientation": [
                                [
                                    0.9038120767160673,
                                    -0.04624110728295752,
                                    0.4254238944622609
                                ],
                                [
                                    -0.42662994751419697,
                                    -0.019946145373352556,
                                    0.9042063034334471
                                ],
                                [
                                    -0.03332593383875042,
                                    -0.9987311506516612,
                                    -0.037755408245496835
                                ]
                            ],
                            "origin": [
                                242.8069585940131,
                                235.9235000665501,
                                34.64118816424937
                            ]
                        },
                        "version": "1.0"
                    },
                    "interpolated": false,
                    "validated": false,
                    "tool_metrics": {
                        "from_tool": true
                    },
                    "id": 0
                },
                {
                    "startpoint": [
                        113.47099960327148,
                        297.7709994506836,
                        43.581001281738345
                    ],
                    "endpoint": [
                        373.7610000610352,
                        174.63099838256835,
                        37.230998992919965
                    ],
                    "model": {
                        "curve2d": {
                            "coeffs": [
                                -0.000258539624452139,
                                -0.021853515659092094,
                                6.794870221553252e-15
                            ]
                        },
                        "plane": {
                            "orientation": [
                                [
                                    0.9031153740919637,
                                    -0.037681003582450634,
                                    0.42774146753354636
                                ],
                                [
                                    -0.42712910786906355,
                                    0.02343480025208779,
                                    0.9038869040693767
                                ],
                                [
                                    -0.04408340152155195,
                                    -0.9990149909316497,
                                    0.0050696749526515815
                                ]
                            ],
                            "origin": [
                                243.06609481253693,
                                236.49120822283086,
                                35.0606453609148
                            ]
                        },
                        "version": "1.0"
                    },
                    "interpolated": false,
                    "validated": false,
                    "tool_metrics": {
                        "from_tool": true
                    },
                    "id": 1
                },
                {
                    "startpoint": [
                        117.98100173950195,
                        307.9309992980957,
                        43.6310005187989
                    ],
                    "endpoint": [
                        379.5210001754761,
                        184.40100021362306,
                        37.64100021362309
                    ],
                    "model": {
                        "curve2d": {
                            "coeffs": [
                                -0.0002964039189283739,
                                -0.020259803318222084,
                                6.8175182360871804e-15
                            ]
                        },
                        "plane": {
                            "orientation": [
                                [
                                    0.9034510552969255,
                                    -0.03690247456955421,
                                    0.42709998601441673
                                ],
                                [
                                    -0.426687473916291,
                                    0.018808283217454726,
                                    0.9042035435040865
                                ],
                                [
                                    -0.04140036576899046,
                                    -0.9991418597241613,
                                    0.001246539665789676
                                ]
                            ],
                            "origin": [
                                247.83696205702657,
                                246.60626292091868,
                                34.45768729066336
                            ]
                        },
                        "version": "1.0"
                    },
                    "interpolated": false,
                    "validated": false,
                    "tool_metrics": {
                        "from_tool": true
                    },
                    "id": 2
                },
                {
                    "startpoint": [
                        118.48099929809571,
                        308.49100013732914,
                        43.57099956512458
                    ],
                    "endpoint": [
                        379.40099981307986,
                        185.10099960327148,
                        37.31100082397465
                    ],
                    "model": {
                        "curve2d": {
                            "coeffs": [
                                -0.00026332504401472553,
                                -0.02134058583385761,
                                7.408695322423253e-15
                            ]
                        },
                        "plane": {
                            "orientation": [
                                [
                                    0.9030414326399583,
                                    -0.044688177722111144,
                                    0.42722258567104093
                                ],
                                [
                                    -0.42735984437140034,
                                    0.006917532690130979,
                                    0.9040551482959067
                                ],
                                [
                                    -0.04335590333997873,
                                    -0.998977034026988,
                                    -0.01285111404573327
                                ]
                            ],
                            "origin": [
                                248.0977923762439,
                                247.11679806156263,
                                34.97704626876519
                            ]
                        },
                        "version": "1.0"
                    },
                    "interpolated": false,
                    "validated": false,
                    "tool_metrics": {
                        "from_tool": true
                    },
                    "id": 3
                },
                {
                    "startpoint": [
                        122.59099853515625,
                        318.7909997940064,
                        43.28099822998054
                    ],
                    "endpoint": [
                        384.9209997940064,
                        195.4509998703003,
                        37.91100019454961
                    ],
                    "model": {
                        "curve2d": {
                            "coeffs": [
                                -0.0002850398150820787,
                                -0.01817324897297416,
                                -6.8471699567428694e-15
                            ]
                        },
                        "plane": {
                            "orientation": [
                                [
                                    0.904127038113764,
                                    -0.045183772814283776,
                                    0.42486789196866814
                                ],
                                [
                                    -0.42565603375189576,
                                    -0.009070607047577745,
                                    0.9048395797147657
                                ],
                                [
                                    -0.03703025630802348,
                                    -0.998937510939526,
                                    -0.02743372660989505
                                ]
                            ],
                            "origin": [
                                252.92711230184986,
                                257.32919856468936,
                                34.62594043267843
                            ]
                        },
                        "version": "1.0"
                    },
                    "interpolated": false,
                    "validated": false,
                    "tool_metrics": {
                        "from_tool": true
                    },
                    "id": 4
                },
                {
                    "startpoint": [
                        123.24099952697755,
                        319.3109997749329,
                        43.59100002288826
                    ],
                    "endpoint": [
                        384.26099994659427,
                        195.87099994659425,
                        37.37100023269658
                    ],
                    "model": {
                        "curve2d": {
                            "coeffs": [
                                -0.0002576143006941581,
                                -0.021336007253624254,
                                3.032028992837504e-16
                            ]
                        },
                        "plane": {
                            "orientation": [
                                [
                                    0.9029405461931543,
                                    -0.04950786885378256,
                                    0.4269043698089366
                                ],
                                [
                                    -0.4276030973302067,
                                    -0.003971329031904738,
                                    0.903957863895953
                                ],
                                [
                                    -0.04305764965743704,
                                    -0.9987658381559098,
                                    -0.024755592069275873
                                ]
                            ],
                            "origin": [
                                253.1235446800673,
                                257.74070003859555,
                                35.12703193251863
                            ]
                        },
                        "version": "1.0"
                    },
                    "interpolated": false,
                    "validated": false,
                    "tool_metrics": {
                        "from_tool": true
                    },
                    "id": 5
                }
            ],
            "interpolated": false,
            "source": 2,
            "target": 5,
            "external_information": {},
            "tool_metrics": {
                "initial_nb_conductors": 5
            }
        },
        {
            "source": 1,
            "target": 14,
            "conductors": [
                {
                    "startpoint": [
                        363.501001739502,
                        149.34099937438964,
                        35.721000671386754
                    ],
                    "endpoint": [
                        499.6717346919737,
                        85.06021886835937,
                        26.56981662293177
                    ],
                    "model": {
                        "curve2d": {
                            "coeffs": [
                                -0.00025700194084576786,
                                -0.06053729621879047,
                                -7.105427357601002e-15
                            ]
                        },
                        "plane": {
                            "orientation": [
                                [
                                    0.8983981579800564,
                                    -0.09719925854471886,
                                    0.428290851964409
                                ],
                                [
                                    -0.42216357694165735,
                                    0.07771427381101702,
                                    0.9031823769039405
                                ],
                                [
                                    -0.12107296990603567,
                                    -0.9922261817672335,
                                    0.028784373777259935
                                ]
                            ],
                            "origin": [
                                431.03060967473726,
                                117.50933086103339,
                                29.727773650783693
                            ]
                        },
                        "version": "1.0"
                    },
                    "interpolated": false,
                    "validated": false,
                    "tool_metrics": {
                        "from_tool": true
                    },
                    "id": 0
                },
                {
                    "startpoint": [
                        364.2910002136231,
                        149.75099922180175,
                        35.67099994659427
                    ],
                    "endpoint": [
                        499.95099956512456,
                        85.35099992752076,
                        26.900999755859395
                    ],
                    "model": {
                        "curve2d": {
                            "coeffs": [
                                -0.00022678297656944906,
                                -0.058883535667445676,
                                1.755799619715195e-14
                            ]
                        },
                        "plane": {
                            "orientation": [
                                [
                                    0.8957695628580777,
                                    -0.13026045450786136,
                                    0.4250048285001635
                                ],
                                [
                                    -0.42903433936327745,
                                    -0.00319720606435811,
                                    0.9032825214297562
                                ],
                                [
                                    -0.11630316377538485,
                                    -0.9914746551802458,
                                    -0.05875016792357782
                                ]
                            ],
                            "origin": [
                                432.9165135869418,
                                117.0902241946696,
                                29.956417533286604
                            ]
                        },
                        "version": "1.0"
                    },
                    "interpolated": false,
                    "validated": false,
                    "tool_metrics": {
                        "from_tool": true
                    },
                    "id": 1
                },
                {
                    "startpoint": [
                        358.63100036621097,
                        140.00100017547607,
                        35.790999832153354
                    ],
                    "endpoint": [
                        495.1918771443124,
                        75.47123027304124,
                        26.667345794977106
                    ],
                    "model": {
                        "curve2d": {
                            "coeffs": [
                                -0.00021527477777604054,
                                -0.060317599546005636,
                                -3.428658575672081e-15
                            ]
                        },
                        "plane": {
                            "orientation": [
                                [
                                    0.8965422210335658,
                                    -0.12577065417926328,
                                    0.4247278993091013
                                ],
                                [
                                    -0.4263027922159315,
                                    0.015472062475643623,
                                    0.9044481989763982
                                ],
                                [
                                    -0.12032445824977736,
                                    -0.9919386865275848,
                                    -0.03974502379956059
                                ]
                            ],
                            "origin": [
                                426.572007302061,
                                107.84253758652876,
                                30.023676134711316
                            ]
                        },
                        "version": "1.0"
                    },
                    "interpolated": false,
                    "validated": false,
                    "tool_metrics": {
                        "from_tool": true
                    },
                    "id": 2
                },
                {
                    "startpoint": [
                        359.06099971771243,
                        140.44099975585937,
                        35.73099988937381
                    ],
                    "endpoint": [
                        495.31038327437466,
                        75.84009015070964,
                        26.54003463219865
                    ],
                    "model": {
                        "curve2d": {
                            "coeffs": [
                                -0.0002486724649042606,
                                -0.060783871318619766,
                                0
                            ]
                        },
                        "plane": {
                            "orientation": [
                                [
                                    0.895270894063392,
                                    -0.1363107567514778,
                                    0.4241572866717901
                                ],
                                [
                                    -0.42868126352818214,
                                    -0.00427545297932122,
                                    0.9034456789435119
                                ],
                                [
                                    -0.12133589964564104,
                                    -0.9906569023106139,
                                    -0.062261556048029056
                                ]
                            ],
                            "origin": [
                                426.68629959393,
                                108.27992749506663,
                                29.755915391747646
                            ]
                        },
                        "version": "1.0"
                    },
                    "interpolated": false,
                    "validated": false,
                    "tool_metrics": {
                        "from_tool": true
                    },
                    "id": 3
                },
                {
                    "startpoint": [
                        367.9209999084473,
                        159.15099884033202,
                        35.800998687744176
                    ],
                    "endpoint": [
                        504.13049876342006,
                        94.6634710517378,
                        26.376354101432693
                    ],
                    "model": {
                        "curve2d": {
                            "coeffs": [
                                -0.0002534239593020502,
                                -0.06234546151509525,
                                -7.105427357601003e-15
                            ]
                        },
                        "plane": {
                            "orientation": [
                                [
                                    0.8988146764586656,
                                    -0.08006792811204592,
                                    0.43095394680911087
                                ],
                                [
                                    -0.42030311409748405,
                                    0.1216178116007849,
                                    0.8991965303432803
                                ],
                                [
                                    -0.12440847906177205,
                                    -0.98934232436972,
                                    0.07565907446074398
                                ]
                            ],
                            "origin": [
                                435.568108632421,
                                127.24435124403905,
                                29.68882133631435
                            ]
                        },
                        "version": "1.0"
                    },
                    "interpolated": false,
                    "validated": false,
                    "tool_metrics": {
                        "from_tool": true
                    },
                    "id": 4
                },
                {
                    "startpoint": [
                        367.97100051879886,
                        159.79100008010866,
                        35.63099998474125
                    ],
                    "endpoint": [
                        504.4599538081942,
                        95.04287386270752,
                        26.775079133549028
                    ],
                    "model": {
                        "curve2d": {
                            "coeffs": [
                                -0.0002336250224546714,
                                -0.058509395625441,
                                -1.0884980632372335e-14
                            ]
                        },
                        "plane": {
                            "orientation": [
                                [
                                    0.8954664403430805,
                                    -0.13692407692539194,
                                    0.4235465161908684
                                ],
                                [
                                    -0.4295633674545957,
                                    -0.016392638100290916,
                                    0.9028879192663843
                                ],
                                [
                                    -0.11668405015408154,
                                    -0.9904458988628517,
                                    -0.07349662485718331
                                ]
                            ],
                            "origin": [
                                435.8151067486157,
                                127.49843784307545,
                                29.89700214372554
                            ]
                        },
                        "version": "1.0"
                    },
                    "interpolated": false,
                    "validated": false,
                    "tool_metrics": {
                        "from_tool": true
                    },
                    "id": 5
                }
            ],
            "external_information": {},
            "tool_metrics": {
                "from_tool": true
            }
        },
        {
            "source": 8,
            "target": 9,
            "conductors": [
                {
                    "startpoint": [
                        97.04099995613099,
                        263.63100006103514,
                        40.931000175476136
                    ],
                    "endpoint": [
                        -4.481242407315179,
                        311.66464899315463,
                        34.99117083944635
                    ],
                    "model": {
                        "curve2d": {
                            "coeffs": [
                                -0.00020213276143265287,
                                -0.05273947514446401,
                                -1.3461381696168017e-14
                            ]
                        },
                        "plane": {
                            "orientation": [
                                [
                                    -0.9053327284133343,
