{
    "links": [
        {
            "weight": 45.19113250676866,
            "from_gis": false,
            "source_file": "PwlClean",
            "conductors": [
                {
                    "id": 0,
                    "model": {
                        "curve2d": {
                            "coeffs": [
                                -0.0014450701896990014,
                                -0.018060779380561446,
                                7.23375691351124e-15
                            ]
                        },
                        "plane": {
                            "orientation": [
                                [
                                    -0.008636649994823841,
                                    -0.1443749802331652,
                                    -0.9894853578297862
                                ],
                                [
                                    0.9993493674015772,
                                    -0.03589843714695237,
                                    -0.0034848363626785775
                                ],
                                [
                                    -0.03501785474490472,
                                    -0.9888716637122733,
                                    0.14459108740162815
                                ]
                            ],
                            "origin": [
                                54.38268551167393,
                                34.02259202900428,
                                19.057150230467812
                            ]
                        },
                        "version": "1.0"
                    },
                    "startpoint": [
                        54.62099996566773,
                        11.741000175476069,
                        20.151000232696536
                    ],
                    "endpoint": [
                        54.35100173950195,
                        56.04100036621093,
                        19.371000289917006
                    ],
                    "score": 93.23600231061057,
                    "interpolated": false,
                    "source_file": "PwlClean",
                    "validated": false,
                    "tool_metrics": {
                        "edited": true
                    }
                },
                {
                    "id": 1,
                    "model": {
                        "curve2d": {
                            "coeffs": [
                                -0.001282470553914175,
                                -0.020564149435683823,
                                0
                            ]
                        },
                        "plane": {
                            "orientation": [
                                [
                                    -0.005263417579986976,
                                    -0.0500733081736735,
                                    -0.9987316757988219
                                ],
                                [
                                    0.99920426841352,
                                    -0.03975069688996847,
                                    -0.003272931555176298
                                ],
                                [
                                    -0.03953639360869554,
                                    -0.9979541802634558,
                                    0.05024268777754754
                                ]
                            ],
                            "origin": [
                                53.6329649888929,
                                34.023225833082186,
                                19.11237077226578
                            ]
                        },
                        "version": "1.0"
                    },
                    "startpoint": [
                        53.76100158691406,
                        11.510999679565424,
                        20.190999984741214
                    ],
                    "endpoint": [
                        53.570999774932865,
                        55.98100009918213,
                        19.311000080108656
                    ],
                    "score": 74.13273466113597,
                    "interpolated": false,
                    "source_file": "PwlClean",
                    "validated": false,
                    "tool_metrics": {
                        "edited": true
                    }
                },
                {
                    "id": 2,
                    "model": {
                        "curve2d": {
                            "coeffs": [
                                -0.0016523219154312432,
                                -0.016946474197030045,
                                -1.7763568394002505e-15
                            ]
                        },
                        "plane": {
                            "orientation": [
                                [
                                    0.0035543221704460288,
                                    0.08303337429090114,
                                    -0.9965404284562547
                                ],
                                [
                                    0.9993289256602692,
                                    -0.03662561424780775,
                                    0.0005125618640090547
                                ],
                                [
                                    -0.03645634557388234,
                                    -0.9958734975562097,
                                    -0.0831078319568004
                                ]
                            ],
                            "origin": [
                                56.04969099653919,
                                34.02075129837544,
                                18.999450581315326
                            ]
                        },
                        "version": "1.0"
                    },
                    "startpoint": [
                        55.941001892089844,
                        12.661000251770014,
                        20.170999526977543
                    ],
                    "endpoint": [
                        56.02979340805702,
                        56.23644133222432,
                        19.37505497515261
                    ],
                    "score": 57.71806493377674,
                    "interpolated": false,
                    "source_file": "PwlClean",
                    "validated": false,
                    "tool_metrics": {
                        "edited": true
                    }
                },
                {
                    "id": 3,
                    "model": {
                        "curve2d": {
                            "coeffs": [
                                -0.002142103313642284,
                                -0.0377785135481223,
                                3.8211461624948295e-15
                            ]
                        },
                        "plane": {
                            "orientation": [
                                [
                                    -0.008087468226487576,
                                    -0.13593245491926859,
                                    -0.9906850965656576
                                ],
                                [
                                    0.9969783391149849,
                                    -0.07763936276941893,
                                    0.0025140971113427
                                ],
                                [
                                    -0.07725790699476819,
                                    -0.9876712494794913,
                                    0.13614961901675732
                                ]
                            ],
                            "origin": [
                                54.91091336714254,
                                34.021281546127916,
                                15.377144241000495
                            ]
                        },
                        "version": "1.0"
                    },
                    "startpoint": [
                        55.11099952697754,
                        12.470999717712399,
                        17.23100090026856
                    ],
                    "endpoint": [
                        54.988272889817445,
                        56.23970706330596,
                        15.52976785412704
                    ],
                    "score": 28.800087520697325,
                    "interpolated": false,
                    "source_file": "PwlClean",
                    "validated": false,
                    "tool_metrics": {
                        "edited": true
                    }
                },
                {
                    "id": 4,
                    "model": {
                        "curve2d": {
                            "coeffs": [
                                -0.0008171867951848955,
                                -0.04430035088641373,
                                7.105427357601002e-15
                            ]
                        },
                        "plane": {
                            "orientation": [
                                [
                                    -0.02579330507665175,
                                    -0.4097577664698342,
                                    -0.9118296322399683
                                ],
                                [
                                    0.9960389680878649,
                                    -0.08817752322002395,
                                    0.011449823109727223
                                ],
                                [
                                    -0.08509453251346222,
                                    -0.9079225171876921,
                                    0.41040909263791947
                                ]
                            ],
                            "origin": [
                                54.994932754012794,
                                34.02175952196792,
                                13.898907531093329
                            ]
                        },
                        "version": "1.0"
                    },
                    "startpoint": [
                        55.32099914550781,
                        12.24100017547607,
                        15.230999946594242
                    ],
                    "endpoint": [
                        54.9902140110368,
                        56.23970097683931,
                        13.26857503156165
                    ],
                    "score": 16.272322505880776,
                    "interpolated": false,
                    "source_file": "PwlClean",
                    "validated": false,
                    "tool_metrics": {
                        "edited": true
                    }
                }
            ],
            "interpolated": false,
            "source": 0,
            "target": 11,
            "external_information": {},
            "tool_metrics": {
                "initial_nb_conductors": 5
            }
        },
        {
            "weight": 17.49769936358469,
            "from_gis": false,
            "source_file": "EndOfLineExtrapolation",
            "conductors": [
                {
                    "id": 0,
                    "model": {
                        "curve2d": {
                            "coeffs": [
                                -0.0023660445201749876,
                                -0.029616335813137946,
                                1.4210854715202004e-14
                            ]
                        },
                        "plane": {
                            "orientation": [
                                [
                                    0.6526307847595505,
                                    -0.6308507757673876,
                                    0.4196431311219322
                                ],
                                [
                                    -0.7561499384041617,
                                    -0.5071583859821982,
                                    0.41355488411976815
                                ],
                                [
                                    -0.04806588640103282,
                                    -0.5872117763138076,
                                    -0.808004950679676
                                ]
                            ],
                            "origin": [
                                61.4310633457561,
                                6.402259397749528,
                                19.8189394685429
                            ]
                        },
                        "version": "1.0"
                    },
                    "startpoint": [
                        55.941001892089844,
                        12.661000251770014,
                        20.170999526977543
                    ],
                    "endpoint": [
                        67.32473359712102,
                        0.10698340947914176,
                        19.657797023018734
                    ],
                    "score": 29.01564540889988,
                    "interpolated": false,
                    "source_file": "PwlClean",
                    "validated": false,
                    "tool_metrics": {
                        "edited": true
                    }
                },
                {
                    "id": 1,
                    "model": {
                        "curve2d": {
                            "coeffs": [
                                -0.0007453445096204327,
                                -0.03115373837228927,
                                -2.2136062492200828e-16
                            ]
                        },
                        "plane": {
                            "orientation": [
                                [
                                    0.6777957575244049,
                                    -0.32729282758364825,
                                    0.6583861451262615
                                ],
                                [
                                    -0.7328054841806468,
                                    -0.22775163918213684,
                                    0.6411905436019918
                                ],
                                [
                                    -0.05990854226807801,
                                    -0.9170652080752765,
                                    -0.39421107379316966
                                ]
                            ],
                            "origin": [
                                60.47896004989012,
                                5.502700632995687,
                                19.815384751079023
                            ]
                        },
                        "version": "1.0"
                    },
                    "startpoint": [
                        54.65100017547608,
                        11.68099975585937,
                        20.130999774932864
                    ],
                    "endpoint": [
                        66.43165892061995,
                        -0.7445681366723989,
                        19.59592060710789
                    ],
                    "score": 24.75256153088997,
                    "interpolated": false,
                    "source_file": "PwlClean",
                    "validated": false,
                    "tool_metrics": {
                        "edited": true
                    }
                },
                {
                    "id": 2,
                    "model": {
                        "curve2d": {
                            "coeffs": [
                                -0.000939973048486146,
                                -0.03253375094792966,
                                1.7763568394002505e-15
                            ]
                        },
                        "plane": {
                            "orientation": [
                                [
                                    0.6993709648750903,
                                    0.43355523764175735,
                                    0.5682518010557331
                                ],
                                [
                                    -0.7125058025331381,
                                    0.4859597309708477,
                                    0.506140910450193
                                ],
                                [
                                    -0.05670744965429497,
                                    -0.7588629624564244,
                                    0.6487767484779068
                                ]
                            ],
                            "origin": [
                                59.93216431441368,
                                5.00435300309281,
                                19.798238258272097
                            ]
                        },
                        "version": "1.0"
                    },
                    "startpoint": [
                        53.78099981307984,
                        11.470999717712397,
                        20.1410000038147
                    ],
                    "endpoint": [
                        65.80713053613347,
                        -1.3057789109913642,
                        19.575289108325165
                    ],
                    "score": 16.41629058317626,
                    "interpolated": false,
                    "source_file": "PwlClean",
                    "validated": false,
                    "tool_metrics": {
                        "edited": true
                    }
                },
                {
                    "id": 3,
                    "model": {
                        "curve2d": {
                            "coeffs": [
                                -0.0018546776710620589,
                                -0.02646583093056098,
                                -7.105427357601002e-15
                            ]
                        },
                        "plane": {
                            "orientation": [
                                [
                                    0.6503611828748393,
                                    -0.7381358979393394,
                                    0.17940381262092778
                                ],
                                [
                                    -0.7589033504275847,
                                    -0.6210693916353175,
                                    0.1958022356448549
                                ],
                                [
                                    -0.0331064422647091,
                                    -0.2634923280610305,
                                    -0.9640932302083403
                                ]
                            ],
                            "origin": [
                                60.87286531892384,
                                5.880225054299345,
                                16.96464935376202
                            ]
                        },
                        "version": "1.0"
                    },
                    "startpoint": [
                        55.11099952697754,
                        12.470999717712399,
                        17.23100090026856
                    ],
                    "endpoint": [
                        66.74618321368762,
                        -0.4312080091643722,
                        16.775770233788986
                    ],
                    "score": 8.572787370444324,
                    "interpolated": false,
                    "source_file": "PwlClean",
                    "validated": false,
                    "tool_metrics": {
                        "edited": true
                    }
                },
                {
                    "id": 4,
                    "model": {
                        "curve2d": {
                            "coeffs": [
                                -0.0005784683105149838,
                                -0.008688996890768838,
                                -1.7763568394002505e-15
                            ]
                        },
                        "plane": {
                            "orientation": [
                                [
                                    0.6832699574496808,
                                    -0.061281593091493995,
                                    -0.7275896725455084
                                ],
                                [
                                    -0.7301658471074332,
                                    -0.057388085138140234,
                                    -0.6808556700227019
                                ],
                                [
                                    -0.000031057949305496324,
                                    0.9964693542865962,
                                    -0.08395728082219947
                                ]
                            ],
                            "origin": [
                                61.088423271402874,
                                6.081679900233993,
                                15.19872045540353
                            ]
                        },
                        "version": "1.0"
                    },
                    "startpoint": [
                        55.32099914550781,
                        12.24100017547607,
                        15.230999946594242
                    ],
                    "endpoint": [
                        66.98829554123424,
                        -0.20863272457935977,
                        15.080909159581342
                    ],
                    "score": 3.092995479880922,
                    "interpolated": false,
                    "source_file": "PwlClean",
                    "validated": false,
                    "tool_metrics": {
                        "edited": true
                    }
                }
            ],
            "interpolated": false,
            "source": 0,
            "target": 47,
            "external_information": {},
            "tool_metrics": {
                "initial_nb_conductors": 5
            }
        },
        {
            "weight": 25.364667869226928,
            "from_gis": false,
            "source_file": "PwlClean",
            "conductors": [
                {
                    "id": 0,
                    "model": {
                        "curve2d": {
                            "coeffs": [
                                0.00196029711139694,
                                0.42617993016458616,
                                40.38014363902302
                            ]
                        },
                        "plane": {
                            "orientation": [
                                [
                                    -0.999932805301792,
                                    0,
                                    -0.0115924493222349
                                ],
                                [
                                    -0.0115924493222349,
                                    0,
                                    0.999932805301792
                                ],
                                [
                                    0,
                                    1,
                                    0
                                ]
                            ],
                            "origin": [
                                -1.914413694121431,
                                165.1320616083535,
                                0
                            ]
                        },
                        "version": "1.0"
                    },
                    "startpoint": [
                        81.55129035614702,
                        166.09969857277468,
                        18.464637201744548
                    ],
                    "endpoint": [
                        106.91614167139718,
                        166.39375908552014,
                        17.216683904008242
                    ],
                    "score": 43.261407725633866,
                    "interpolated": false,
                    "source_file": "PwlClean",
                    "validated": false
                },
                {
                    "id": 1,
                    "model": {
                        "curve2d": {
                            "coeffs": [
                                0.0012666277800404769,
                                0.27156337687944954,
                                31.744180763691183
                            ]
                        },
                        "plane": {
                            "orientation": [
                                [
                                    -0.9996804951444822,
                                    0,
                                    0.0252766221572995
                                ],
                                [
                                    0.0252766221572995,
                                    0,
                                    0.9996804951444822
                                ],
                                [
                                    0,
                                    1,
                                    0
                                ]
                            ],
                            "origin": [
                                4.180763969190062,
                                165.34757566865704,
                                0
                            ]
                        },
                        "version": "1.0"
                    },
                    "startpoint": [
                        81.45216515293777,
                        163.39379141381428,
                        18.321095631678975
                    ],
                    "endpoint": [
                        106.87260847846824,
                        162.75104311160038,
                        17.21383210834574
                    ],
                    "score": 32.78249178603595,
                    "interpolated": false,
                    "source_file": "PwlClean",
                    "validated": false
                },
                {
                    "id": 2,
                    "model": {
                        "curve2d": {
                            "coeffs": [
                                0.0011445135517619066,
                                0.2500224824013837,
                                30.824392143109232
                            ]
                        },
                        "plane": {
                            "orientation": [
                                [
                                    -0.9994970964913065,
                                    0,
                                    0.03171047311927177
                                ],
                                [
                                    0.03171047311927177,
                                    0,
                                    0.9994970964913065
                                ],
                                [
                                    0,
                                    1,
                                    0
                                ]
                            ],
                            "origin": [
                                5.303857532105747,
                                167.17474329708082,
                                0
                            ]
                        },
                        "version": "1.0"
                    },
                    "startpoint": [
                        81.50211239341132,
                        164.75724481609763,
                        18.415463289786576
                    ],
                    "endpoint": [
                        106.89571674032015,
                        163.9515964446608,
                        17.23566961086045
                    ],
                    "score": 21.76906127713256,
                    "interpolated": false,
                    "source_file": "PwlClean",
                    "validated": false
                }
            ],
            "interpolated": false,
            "source": 1,
            "target": 28,
            "external_information": {},
            "tool_metrics": {
                "initial_nb_conductors": 3
            }
        },
        {
            "weight": 45.4438431728067,
            "from_gis": false,
            "source_file": "PwlClean",
            "conductors": [
                {
                    "id": 0,
                    "model": {
                        "curve2d": {
                            "coeffs": [
                                -0.002186351257443526,
                                0.02315774342657866,
                                1.6454566368351682e-16
                            ]
                        },
                        "plane": {
                            "orientation": [
                                [
                                    -0.9936539177641575,
                                    -0.051389589356812225,
                                    -0.10005499396671265
                                ],
                                [
                                    0.10191733440369853,
                                    -0.0349906364516386,
                                    -0.9941773042615455
                                ],
                                [
                                    0.04758937549480326,
                                    -0.9980655116105593,
                                    0.04000607295857901
                                ]
                            ],
                            "origin": [
                                58.301241016529424,
                                165.67476636055548,
                                17.68525445947485
                            ]
                        },
                        "version": "1.0"
                    },
                    "startpoint": [
                        81.45127032866976,
                        163.3693646150344,
                        18.29261101203091
                    ],
                    "endpoint": [
                        35.57100004196167,
                        168.03100032806398,
                        19.391000747680703
                    ],
                    "score": 82.02357681430449,
                    "interpolated": false,
                    "source_file": "PwlClean",
                    "validated": false,
                    "tool_metrics": {
                        "edited": true
                    }
                },
                {
                    "id": 1,
                    "model": {
                        "curve2d": {
                            "coeffs": [
                                -0.0008125355804969149,
                                0.05919002535269553,
                                6.684856932162862e-15
                            ]
                        },
                        "plane": {
                            "orientation": [
                                [
                                    -0.9897101630878145,
                                    -0.13139472842604252,
                                    -0.05664996401180506
                                ],
                                [
                                    0.08299158860462302,
                                    -0.20461968355566076,
                                    -0.9753169645415085
                                ],
                                [
                                    0.11655980997570853,
                                    -0.9699825825464228,
                                    0.21341883762920022
                                ]
                            ],
                            "origin": [
                                58.3625365843274,
                                166.28968231996225,
                                19.297742378047328
                            ]
                        },
                        "version": "1.0"
                    },
                    "startpoint": [
                        81.5014275565175,
                        164.7385502258859,
                        18.351115046579846
                    ],
                    "endpoint": [
                        35.31099981307983,
                        168.02100009918215,
                        21.090999603271523
                    ],
                    "score": 62.53704693390903,
                    "interpolated": false,
                    "source_file": "PwlClean",
                    "validated": false,
                    "tool_metrics": {
                        "edited": true
                    }
                },
                {
                    "id": 2,
                    "model": {
                        "curve2d": {
                            "coeffs": [
                                -0.0025154759582992374,
                                -0.017550059332670755,
                                -3.428013007090622e-15
                            ]
                        },
                        "plane": {
                            "orientation": [
                                [
                                    -0.998608381643072,
                                    0.030084892523146823,
                                    -0.04331511692325191
                                ],
                                [
                                    0.04176768214608572,
                                    -0.05028798120491775,
                                    -0.9978610021814047
                                ],
                                [
                                    -0.03219877078939244,
                                    -0.9982815325288776,
                                    0.0489614232988342
                                ]
                            ],
                            "origin": [
                                58.3902105123501,
                                167.00007853651604,
                                16.705202857146123
                            ]
                        },
                        "version": "1.0"
                    },
                    "startpoint": [
                        81.55049187692774,
                        166.07790178885145,
                        18.400130742771793
                    ],
                    "endpoint": [
                        35.7210001373291,
                        168.03100032806398,
                        17.660999298095742
                    ],
                    "score": 42.89573404223334,
                    "interpolated": false,
                    "source_file": "PwlClean",
                    "validated": false,
                    "tool_metrics": {
                        "edited": true
                    }
                }
            ],
            "interpolated": false,
            "source": 1,
            "target": 18,
            "external_information": {},
            "tool_metrics": {
                "initial_nb_conductors": 3
            }
        },
        {
            "weight": 45.51410666383341,
            "from_gis": false,
            "source_file": "PwlClean",
            "conductors": [
                {
                    "id": 0,
                    "model": {
                        "curve2d": {
                            "coeffs": [
                                -0.0013888398180188202,
                                0.02411345275432523,
                                0
                            ]
                        },
                        "plane": {
                            "orientation": [
                                [
                                    -0.006068514954318245,
                                    0.00331119023280349,
                                    0.9999761042872432
                                ],
                                [
                                    -0.9988555555699264,
                                    -0.04746277872965479,
                                    -0.005904552680323409
                                ],
                                [
                                    0.047442093475563475,
                                    -0.9988675190707235,
                                    0.00359542934207905
                                ]
                            ],
                            "origin": [
                                54.49449198720952,
                                79.53943701947117,
                                18.052920769922345
                            ]
                        },
                        "version": "1.0"
                    },
                    "startpoint": [
                        54.631312458595396,
                        102.8371896986926,
                        18.26029685590676
                    ],
                    "endpoint": [
                        54.35100173950195,
                        56.04100036621093,
                        19.371000289917006
                    ],
                    "score": 109.10476354525909,
                    "interpolated": false,
                    "source_file": "PwlClean",
                    "validated": false,
                    "tool_metrics": {
                        "edited": true
                    }
                },
                {
                    "id": 1,
                    "model": {
                        "curve2d": {
                            "coeffs": [
                                -0.001282975086505925,
                                0.023792844308946584,
                                0
                            ]
                        },
                        "plane": {
                            "orientation": [
                                [
                                    -0.0065177140767530475,
                                    0.003783659300594181,
                                    0.9999716012595111
                                ],
                                [
                                    -0.9988869551478488,
                                    -0.04674113797266914,
                                    -0.006333786898811928
                                ],
                                [
                                    0.04671584569151403,
                                    -0.9988998698284614,
                                    0.004084093291015282
                                ]
                            ],
                            "origin": [
                                53.72536379770179,
                                79.54261457950182,
                                18.056035134512523
                            ]
                        },
                        "version": "1.0"
                    },
                    "startpoint": [
                        53.87228304342384,
                        102.84110152006619,
                        18.215820403663063
                    ],
